20170102
20170125
20170201
20170214
20170313
20170316
20170402
20170405
20170412
20170422
20170502
20170505
20170522
20170525
20170601
20170611
20170614
20170621
20170624
20170629
20170701
20170704
20170706
20170709
20170716
20170721
20170724
20170729
20170731
20170803
20170805
20170808
20170813
20170815
20170818
20170820
20170823
20170825
20170909
20170912
20170914
20170917
20170922
20171004
20171007
20171012
20171014
20171022
20171106
20171108
20171113
20171123
20171128
20171201
20171208
20171216
20171218
