20170211
20170218
20170310
20170313
20170316
20170330
20170402
20170409
20170412
20170419
20170422
20170429
20170502
20170509
20170522
20170525
20170601
20170608
20170614
20170618
20170621
20170624
20170704
20170706
20170709
20170716
20170802
20170805
20170807
20170813
20170818
20170820
20170822
20170825
20170827
20170901
20170902
20170909
20170911
20170914
20170916
20170919
20170922
20171004
20171006
20171014
20171021
20171022
20171026
20171105
20171106
20171108
20171113
20171115
20171123
20171125
20171128
20171201
20171208
20171215
20171216
20171218
20171228
